# Trust Score Evolution for cifar10_complete_gradient_n10_trust
# Format: Round,Node,Neighbor,Trust_Score
# Generated at: Tue Jul 15 05:11:48 UTC 2025

1,2,0,1.0
1,2,1,1.0
1,2,3,1.0
1,2,4,1.0
1,2,5,1.0
1,2,6,1.0
1,2,7,1.0
1,2,8,1.0
1,2,9,1.0
1,3,0,1.0
1,3,1,1.0
1,3,2,1.0
1,3,4,1.0
1,3,5,1.0
1,3,6,1.0
1,3,7,1.0
1,3,8,1.0
1,3,9,1.0
1,5,0,1.0
1,5,1,1.0
1,5,2,1.0
1,5,3,1.0
1,5,4,1.0
1,5,6,1.0
1,5,7,1.0
1,5,8,1.0
1,5,9,1.0
1,6,0,1.0
1,6,1,1.0
1,6,2,1.0
1,6,3,1.0
1,6,4,1.0
1,6,5,1.0
1,6,7,1.0
1,6,8,1.0
1,6,9,1.0
1,7,0,1.0
1,7,1,1.0
1,7,2,1.0
1,7,3,1.0
1,7,4,1.0
1,7,5,1.0
1,7,6,1.0
1,7,8,1.0
1,7,9,1.0
1,8,0,1.0
1,8,1,1.0
1,8,2,1.0
1,8,3,1.0
1,8,4,1.0
1,8,5,1.0
1,8,6,1.0
1,8,7,1.0
1,8,9,1.0
1,9,0,1.0
1,9,1,1.0
1,9,2,1.0
1,9,3,1.0
1,9,4,1.0
1,9,5,1.0
1,9,6,1.0
1,9,7,1.0
1,9,8,1.0
2,2,0,1.0
2,2,1,1.0
2,2,3,1.0
2,2,4,1.0
2,2,5,1.0
2,2,6,1.0
2,2,7,1.0
2,2,8,1.0
2,2,9,1.0
2,3,0,1.0
2,3,1,1.0
2,3,2,1.0
2,3,4,1.0
2,3,5,1.0
2,3,6,1.0
2,3,7,1.0
2,3,8,1.0
2,3,9,1.0
2,5,0,1.0
2,5,1,1.0
2,5,2,1.0
2,5,3,1.0
2,5,4,1.0
2,5,6,1.0
2,5,7,1.0
2,5,8,1.0
2,5,9,1.0
2,6,0,1.0
2,6,1,1.0
2,6,2,1.0
2,6,3,1.0
2,6,4,1.0
2,6,5,1.0
2,6,7,1.0
2,6,8,1.0
2,6,9,1.0
2,7,0,1.0
2,7,1,1.0
2,7,2,1.0
2,7,3,1.0
2,7,4,1.0
2,7,5,1.0
2,7,6,1.0
2,7,8,1.0
2,7,9,1.0
2,8,0,1.0
2,8,1,1.0
2,8,2,1.0
2,8,3,1.0
2,8,4,1.0
2,8,5,1.0
2,8,6,1.0
2,8,7,1.0
2,8,9,1.0
2,9,0,1.0
2,9,1,1.0
2,9,2,1.0
2,9,3,1.0
2,9,4,1.0
2,9,5,1.0
2,9,6,1.0
2,9,7,1.0
2,9,8,1.0
3,2,0,1.0
3,2,1,1.0
3,2,3,1.0
3,2,4,1.0
3,2,5,1.0
3,2,6,1.0
3,2,7,1.0
3,2,8,1.0
3,2,9,1.0
3,3,0,1.0
3,3,1,1.0
3,3,2,1.0
3,3,4,1.0
3,3,5,1.0
3,3,6,1.0
3,3,7,1.0
3,3,8,1.0
3,3,9,1.0
3,5,0,0.7844022488238931
3,5,1,1.0
3,5,2,1.0
3,5,3,1.0
3,5,4,1.0
3,5,6,1.0
3,5,7,1.0
3,5,8,1.0
3,5,9,1.0
3,6,0,1.0
3,6,1,1.0
3,6,2,1.0
3,6,3,1.0
3,6,4,1.0
3,6,5,1.0
3,6,7,1.0
3,6,8,1.0
3,6,9,1.0
3,7,0,1.0
3,7,1,1.0
3,7,2,1.0
3,7,3,1.0
3,7,4,1.0
3,7,5,1.0
3,7,6,1.0
3,7,8,1.0
3,7,9,1.0
3,8,0,1.0
3,8,1,1.0
3,8,2,1.0
3,8,3,1.0
3,8,4,1.0
3,8,5,1.0
3,8,6,1.0
3,8,7,1.0
3,8,9,1.0
3,9,0,1.0
3,9,1,1.0
3,9,2,1.0
3,9,3,1.0
3,9,4,1.0
3,9,5,1.0
3,9,6,1.0
3,9,7,1.0
3,9,8,1.0
4,2,0,1.0
4,2,1,1.0
4,2,3,1.0
4,2,4,1.0
4,2,5,1.0
4,2,6,1.0
4,2,7,1.0
4,2,8,1.0
4,2,9,1.0
4,3,0,1.0
4,3,1,1.0
4,3,2,1.0
4,3,4,1.0
4,3,5,1.0
4,3,6,1.0
4,3,7,1.0
4,3,8,1.0
4,3,9,1.0
4,5,0,0.15513419326361094
4,5,1,1.0
4,5,2,1.0
4,5,3,1.0
4,5,4,1.0
4,5,6,1.0
4,5,7,1.0
4,5,8,1.0
4,5,9,1.0
4,6,0,1.0
4,6,1,1.0
4,6,2,1.0
4,6,3,1.0
4,6,4,1.0
4,6,5,1.0
4,6,7,1.0
4,6,8,1.0
4,6,9,1.0
4,7,0,1.0
4,7,1,1.0
4,7,2,1.0
4,7,3,1.0
4,7,4,1.0
4,7,5,1.0
4,7,6,1.0
4,7,8,1.0
4,7,9,1.0
4,8,0,1.0
4,8,1,1.0
4,8,2,1.0
4,8,3,1.0
4,8,4,1.0
4,8,5,1.0
4,8,6,1.0
4,8,7,1.0
4,8,9,1.0
4,9,0,1.0
4,9,1,1.0
4,9,2,1.0
4,9,3,1.0
4,9,4,1.0
4,9,5,1.0
4,9,6,1.0
4,9,7,1.0
4,9,8,1.0
5,2,0,1.0
5,2,1,1.0
5,2,3,1.0
5,2,4,1.0
5,2,5,1.0
5,2,6,1.0
5,2,7,1.0
5,2,8,1.0
5,2,9,1.0
5,3,0,1.0
5,3,1,1.0
5,3,2,1.0
5,3,4,1.0
5,3,5,1.0
5,3,6,1.0
5,3,7,1.0
5,3,8,1.0
5,3,9,1.0
5,5,0,0.015513419326361095
5,5,1,1.0
5,5,2,1.0
5,5,3,1.0
5,5,4,1.0
5,5,6,1.0
5,5,7,1.0
5,5,8,1.0
5,5,9,1.0
5,6,0,1.0
5,6,1,1.0
5,6,2,1.0
5,6,3,1.0
5,6,4,1.0
5,6,5,1.0
5,6,7,1.0
5,6,8,1.0
5,6,9,1.0
5,7,0,1.0
5,7,1,1.0
5,7,2,1.0
5,7,3,1.0
5,7,4,1.0
5,7,5,1.0
5,7,6,1.0
5,7,8,1.0
5,7,9,1.0
5,8,0,1.0
5,8,1,1.0
5,8,2,1.0
5,8,3,1.0
5,8,4,1.0
5,8,5,1.0
5,8,6,1.0
5,8,7,1.0
5,8,9,1.0
5,9,0,1.0
5,9,1,1.0
5,9,2,1.0
5,9,3,1.0
5,9,4,1.0
5,9,5,1.0
5,9,6,1.0
5,9,7,1.0
5,9,8,1.0
6,2,0,1.0
6,2,1,1.0
6,2,3,1.0
6,2,4,1.0
6,2,5,1.0
6,2,6,1.0
6,2,7,1.0
6,2,8,1.0
6,2,9,1.0
6,3,0,1.0
6,3,1,1.0
6,3,2,1.0
6,3,4,1.0
6,3,5,1.0
6,3,6,1.0
6,3,7,1.0
6,3,8,1.0
6,3,9,1.0
6,5,0,0.0015513419326361095
6,5,1,1.0
6,5,2,1.0
6,5,3,1.0
6,5,4,1.0
6,5,6,1.0
6,5,7,1.0
6,5,8,1.0
6,5,9,1.0
6,6,0,1.0
6,6,1,1.0
6,6,2,1.0
6,6,3,1.0
6,6,4,1.0
6,6,5,1.0
6,6,7,1.0
6,6,8,1.0
6,6,9,1.0
6,7,0,1.0
6,7,1,1.0
6,7,2,1.0
6,7,3,1.0
6,7,4,1.0
6,7,5,1.0
6,7,6,1.0
6,7,8,1.0
6,7,9,1.0
6,8,0,1.0
6,8,1,1.0
6,8,2,1.0
6,8,3,1.0
6,8,4,1.0
6,8,5,1.0
6,8,6,1.0
6,8,7,1.0
6,8,9,1.0
6,9,0,1.0
6,9,1,1.0
6,9,2,1.0
6,9,3,1.0
6,9,4,1.0
6,9,5,1.0
6,9,6,1.0
6,9,7,1.0
6,9,8,1.0
7,2,0,1.0
7,2,1,1.0
7,2,3,1.0
7,2,4,1.0
7,2,5,1.0
7,2,6,1.0
7,2,7,1.0
7,2,8,1.0
7,2,9,1.0
7,3,0,1.0
7,3,1,1.0
7,3,2,1.0
7,3,4,1.0
7,3,5,1.0
7,3,6,1.0
7,3,7,1.0
7,3,8,1.0
7,3,9,1.0
7,5,0,0.00015513419326361098
7,5,1,1.0
7,5,2,1.0
7,5,3,1.0
7,5,4,1.0
7,5,6,1.0
7,5,7,1.0
7,5,8,1.0
7,5,9,1.0
7,6,0,1.0
7,6,1,1.0
7,6,2,1.0
7,6,3,1.0
7,6,4,1.0
7,6,5,1.0
7,6,7,1.0
7,6,8,1.0
7,6,9,1.0
7,7,0,1.0
7,7,1,1.0
7,7,2,1.0
7,7,3,1.0
7,7,4,1.0
7,7,5,1.0
7,7,6,1.0
7,7,8,1.0
7,7,9,1.0
7,8,0,1.0
7,8,1,1.0
7,8,2,1.0
7,8,3,1.0
7,8,4,1.0
7,8,5,1.0
7,8,6,1.0
7,8,7,1.0
7,8,9,1.0
7,9,0,1.0
7,9,1,1.0
7,9,2,1.0
7,9,3,1.0
7,9,4,1.0
7,9,5,1.0
7,9,6,1.0
7,9,7,1.0
7,9,8,1.0
8,2,0,1.0
8,2,1,1.0
8,2,3,1.0
8,2,4,1.0
8,2,5,1.0
8,2,6,1.0
8,2,7,1.0
8,2,8,1.0
8,2,9,1.0
8,3,0,1.0
8,3,1,1.0
8,3,2,1.0
8,3,4,1.0
8,3,5,1.0
8,3,6,1.0
8,3,7,1.0
8,3,8,1.0
8,3,9,1.0
8,5,0,1.5513419326361098e-05
8,5,1,1.0
8,5,2,1.0
8,5,3,1.0
8,5,4,1.0
8,5,6,1.0
8,5,7,1.0
8,5,8,1.0
8,5,9,1.0
8,6,0,1.0
8,6,1,1.0
8,6,2,1.0
8,6,3,1.0
8,6,4,1.0
8,6,5,1.0
8,6,7,1.0
8,6,8,1.0
8,6,9,1.0
8,7,0,1.0
8,7,1,1.0
8,7,2,1.0
8,7,3,1.0
8,7,4,1.0
8,7,5,1.0
8,7,6,1.0
8,7,8,1.0
8,7,9,1.0
8,8,0,1.0
8,8,1,1.0
8,8,2,1.0
8,8,3,1.0
8,8,4,1.0
8,8,5,1.0
8,8,6,1.0
8,8,7,1.0
8,8,9,1.0
8,9,0,1.0
8,9,1,1.0
8,9,2,1.0
8,9,3,1.0
8,9,4,1.0
8,9,5,1.0
8,9,6,1.0
8,9,7,1.0
8,9,8,1.0
9,2,0,1.0
9,2,1,1.0
9,2,3,1.0
9,2,4,1.0
9,2,5,1.0
9,2,6,1.0
9,2,7,1.0
9,2,8,1.0
9,2,9,1.0
9,3,0,1.0
9,3,1,1.0
9,3,2,1.0
9,3,4,1.0
9,3,5,1.0
9,3,6,1.0
9,3,7,1.0
9,3,8,1.0
9,3,9,1.0
9,5,0,1.5513419326361098e-06
9,5,1,1.0
9,5,2,1.0
9,5,3,1.0
9,5,4,1.0
9,5,6,1.0
9,5,7,1.0
9,5,8,1.0
9,5,9,1.0
9,6,0,1.0
9,6,1,1.0
9,6,2,1.0
9,6,3,1.0
9,6,4,1.0
9,6,5,1.0
9,6,7,1.0
9,6,8,1.0
9,6,9,1.0
9,7,0,1.0
9,7,1,1.0
9,7,2,1.0
9,7,3,1.0
9,7,4,1.0
9,7,5,1.0
9,7,6,1.0
9,7,8,1.0
9,7,9,1.0
9,8,0,1.0
9,8,1,1.0
9,8,2,1.0
9,8,3,1.0
9,8,4,1.0
9,8,5,1.0
9,8,6,1.0
9,8,7,1.0
9,8,9,1.0
9,9,0,1.0
9,9,1,1.0
9,9,2,1.0
9,9,3,1.0
9,9,4,1.0
9,9,5,1.0
9,9,6,1.0
9,9,7,0.785492724364191
9,9,8,1.0
10,2,0,1.0
10,2,1,1.0
10,2,3,1.0
10,2,4,1.0
10,2,5,1.0
10,2,6,1.0
10,2,7,0.7835507795818251
10,2,8,1.0
10,2,9,1.0
10,3,0,1.0
10,3,1,1.0
10,3,2,1.0
10,3,4,1.0
10,3,5,1.0
10,3,6,1.0
10,3,7,0.7887154930945026
10,3,8,1.0
10,3,9,1.0
10,5,0,0.020001535828507312
10,5,1,1.0
10,5,2,1.0
10,5,3,1.0
10,5,4,1.0
10,5,6,1.0
10,5,7,1.0
10,5,8,1.0
10,5,9,1.0
10,6,0,1.0
10,6,1,1.0
10,6,2,1.0
10,6,3,1.0
10,6,4,1.0
10,6,5,1.0
10,6,7,1.0
10,6,8,1.0
10,6,9,1.0
10,7,0,1.0
10,7,1,1.0
10,7,2,1.0
10,7,3,1.0
10,7,4,1.0
10,7,5,1.0
10,7,6,1.0
10,7,8,1.0
10,7,9,1.0
10,8,0,1.0
10,8,1,1.0
10,8,2,1.0
10,8,3,1.0
10,8,4,1.0
10,8,5,1.0
10,8,6,1.0
10,8,7,1.0
10,8,9,1.0
10,9,0,1.0
10,9,1,1.0
10,9,2,1.0
10,9,3,1.0
10,9,4,1.0
10,9,5,1.0
10,9,6,1.0
10,9,7,0.15329121559149764
10,9,8,1.0
11,2,0,1.0
11,2,1,1.0
11,2,3,1.0
11,2,4,1.0
11,2,5,1.0
11,2,6,1.0
11,2,7,0.15362210884192187
11,2,8,1.0
11,2,9,1.0
11,3,0,1.0
11,3,1,1.0
11,3,2,1.0
11,3,4,1.0
11,3,5,1.0
11,3,6,1.0
11,3,7,0.15472110555715068
11,3,8,1.0
11,3,9,1.0
11,5,0,0.039800510187513835
11,5,1,1.0
11,5,2,1.0
11,5,3,1.0
11,5,4,1.0
11,5,6,1.0
11,5,7,1.0
11,5,8,1.0
11,5,9,1.0
11,6,0,1.0
11,6,1,1.0
11,6,2,1.0
11,6,3,1.0
11,6,4,1.0
11,6,5,1.0
11,6,7,1.0
11,6,8,1.0
11,6,9,1.0
11,7,0,1.0
11,7,1,1.0
11,7,2,1.0
11,7,3,1.0
11,7,4,1.0
11,7,5,1.0
11,7,6,1.0
11,7,8,1.0
11,7,9,1.0
11,8,0,1.0
11,8,1,1.0
11,8,2,1.0
11,8,3,1.0
11,8,4,1.0
11,8,5,1.0
11,8,6,1.0
11,8,7,1.0
11,8,9,1.0
11,9,0,1.0
11,9,1,1.0
11,9,2,1.0
11,9,3,1.0
11,9,4,1.0
11,9,5,1.0
11,9,6,1.0
11,9,7,0.015329121559149764
11,9,8,1.0
12,2,0,1.0
12,2,1,1.0
12,2,3,1.0
12,2,4,1.0
12,2,5,1.0
12,2,6,1.0
12,2,7,0.17202186852685342
12,2,8,1.0
12,2,9,1.0
12,3,0,1.0
12,3,1,1.0
12,3,2,1.0
12,3,4,1.0
12,3,5,1.0
12,3,6,1.0
12,3,7,0.17310891558926544
12,3,8,1.0
12,3,9,1.0
12,5,0,0.059398464058390124
12,5,1,1.0
12,5,2,1.0
12,5,3,1.0
12,5,4,1.0
12,5,6,1.0
12,5,7,1.0
12,5,8,1.0
12,5,9,1.0
12,6,0,1.0
12,6,1,1.0
12,6,2,1.0
12,6,3,1.0
12,6,4,1.0
12,6,5,1.0
12,6,7,1.0
12,6,8,1.0
12,6,9,1.0
12,7,0,1.0
12,7,1,1.0
12,7,2,1.0
12,7,3,1.0
12,7,4,1.0
12,7,5,1.0
12,7,6,1.0
12,7,8,1.0
12,7,9,1.0
12,8,0,1.0
12,8,1,1.0
12,8,2,1.0
12,8,3,1.0
12,8,4,1.0
12,8,5,1.0
12,8,6,1.0
12,8,7,1.0
12,8,9,1.0
12,9,0,1.0
12,9,1,1.0
12,9,2,1.0
12,9,3,1.0
12,9,4,1.0
12,9,5,1.0
12,9,6,1.0
12,9,7,0.0015329121559149764
12,9,8,1.0
13,2,0,1.0
13,2,1,1.0
13,2,3,1.0
13,2,4,1.0
13,2,5,1.0
13,2,6,1.0
13,2,7,0.017202186852685344
13,2,8,1.0
13,2,9,1.0
13,3,0,1.0
13,3,1,1.0
13,3,2,1.0
13,3,4,1.0
13,3,5,1.0
13,3,6,1.0
13,3,7,0.017310891558926546
13,3,8,1.0
13,3,9,1.0
13,5,0,0.07879538686528516
13,5,1,1.0
13,5,2,1.0
13,5,3,1.0
13,5,4,1.0
13,5,6,1.0
13,5,7,1.0
13,5,8,1.0
13,5,9,1.0
13,6,0,0.7882079862396087
13,6,1,1.0
13,6,2,1.0
13,6,3,1.0
13,6,4,1.0
13,6,5,1.0
13,6,7,1.0
13,6,8,1.0
13,6,9,1.0
13,7,0,0.7824726239292165
13,7,1,1.0
13,7,2,1.0
13,7,3,1.0
13,7,4,1.0
13,7,5,1.0
13,7,6,1.0
13,7,8,1.0
13,7,9,1.0
13,8,0,1.0
13,8,1,1.0
13,8,2,1.0
13,8,3,1.0
13,8,4,1.0
13,8,5,1.0
13,8,6,1.0
13,8,7,1.0
13,8,9,1.0
13,9,0,1.0
13,9,1,1.0
13,9,2,1.0
13,9,3,1.0
13,9,4,1.0
13,9,5,1.0
13,9,6,1.0
13,9,7,0.00015329121559149765
13,9,8,1.0
14,2,0,1.0
14,2,1,1.0
14,2,3,1.0
14,2,4,1.0
14,2,5,1.0
14,2,6,1.0
14,2,7,0.037029418763845474
14,2,8,1.0
14,2,9,1.0
14,3,0,1.0
14,3,1,1.0
14,3,2,1.0
14,3,4,1.0
14,3,5,1.0
14,3,6,1.0
14,3,7,0.03713702692052513
14,3,8,1.0
14,3,9,1.0
14,5,0,0.09799126781026621
14,5,1,1.0
14,5,2,1.0
14,5,3,1.0
14,5,4,1.0
14,5,6,1.0
14,5,7,1.0
14,5,8,1.0
14,5,9,1.0
14,6,0,0.1500545616792632
14,6,1,1.0
14,6,2,1.0
14,6,3,1.0
14,6,4,1.0
14,6,5,1.0
14,6,7,1.0
14,6,8,1.0
14,6,9,1.0
14,7,0,0.14879599833763688
14,7,1,1.0
14,7,2,1.0
14,7,3,1.0
14,7,4,1.0
14,7,5,1.0
14,7,6,1.0
14,7,8,1.0
14,7,9,1.0
14,8,0,1.0
14,8,1,1.0
14,8,2,1.0
14,8,3,1.0
14,8,4,1.0
14,8,5,1.0
14,8,6,1.0
14,8,7,1.0
14,8,9,1.0
14,9,0,1.0
14,9,1,1.0
14,9,2,1.0
14,9,3,1.0
14,9,4,1.0
14,9,5,1.0
14,9,6,1.0
14,9,7,1.5329121559149765e-05
14,9,8,1.0
15,2,0,1.0
15,2,1,1.0
15,2,3,1.0
15,2,4,1.0
15,2,5,1.0
15,2,6,1.0
15,2,7,0.05665563165616025
15,2,8,1.0
15,2,9,1.0
15,3,0,1.0
15,3,1,1.0
15,3,2,1.0
15,3,4,1.0
15,3,5,1.0
15,3,6,1.0
15,3,7,0.05676214320634088
15,3,8,1.0
15,3,9,1.0
15,5,0,0.11698609586623698
15,5,1,1.0
15,5,2,1.0
15,5,3,1.0
15,5,4,1.0
15,5,6,1.0
15,5,7,1.0
15,5,8,1.0
15,5,9,1.0
15,6,0,0.16849305877984858
15,6,1,1.0
15,6,2,1.0
15,6,3,1.0
15,6,4,1.0
15,6,5,1.0
15,6,7,1.0
15,6,8,1.0
15,6,9,1.0
15,7,0,0.1672481418625758
15,7,1,1.0
15,7,2,1.0
15,7,3,1.0
15,7,4,1.0
15,7,5,1.0
15,7,6,1.0
15,7,8,1.0
15,7,9,1.0
15,8,0,1.0
15,8,1,1.0
15,8,2,1.0
15,8,3,1.0
15,8,4,1.0
15,8,5,1.0
15,8,6,1.0
15,8,7,1.0
15,8,9,1.0
15,9,0,1.0
15,9,1,1.0
15,9,2,1.0
15,9,3,1.0
15,9,4,1.0
15,9,5,1.0
15,9,6,1.0
15,9,7,0.020015175829756118
15,9,8,1.0
16,2,0,1.0
16,2,1,1.0
16,2,3,1.0
16,2,4,1.0
16,2,5,1.0
16,2,6,1.0
16,2,7,0.07608081498444666
16,2,8,1.0
16,2,9,1.0
16,3,0,1.0
16,3,1,1.0
16,3,2,1.0
16,3,4,1.0
16,3,5,1.0
16,3,6,1.0
16,3,7,0.0761862298700032
16,3,8,1.0
16,3,9,1.0
16,5,0,0.13577985976955093
16,5,1,1.0
16,5,2,1.0
16,5,3,1.0
16,5,4,1.0
16,5,6,1.0
16,5,7,1.0
16,5,8,1.0
16,5,9,1.0
16,6,0,0.18673045926588444
16,6,1,1.0
16,6,2,1.0
16,6,3,1.0
16,6,4,1.0
16,6,5,1.0
16,6,7,1.0
16,6,8,1.0
16,6,9,1.0
16,7,0,0.18549918959291092
16,7,1,1.0
16,7,2,1.0
16,7,3,1.0
16,7,4,1.0
16,7,5,1.0
16,7,6,1.0
16,7,8,1.0
16,7,9,1.0
16,8,0,1.0
16,8,1,1.0
16,8,2,1.0
16,8,3,1.0
16,8,4,1.0
16,8,5,1.0
16,8,6,1.0
16,8,7,1.0
16,8,9,1.0
16,9,0,1.0
16,9,1,1.0
16,9,2,1.0
16,9,3,1.0
16,9,4,1.0
16,9,5,1.0
16,9,6,1.0
16,9,7,0.0020015175829756118
16,9,8,1.0
17,2,0,1.0
17,2,1,1.0
17,2,3,1.0
17,2,4,1.0
17,2,5,1.0
17,2,6,1.0
17,2,7,0.09530495798241206
17,2,8,1.0
17,2,9,1.0
17,3,0,1.0
17,3,1,1.0
17,3,2,1.0
17,3,4,1.0
17,3,5,1.0
17,3,6,1.0
17,3,7,0.0954092761439942
17,3,8,1.0
17,3,9,1.0
17,5,0,0.15437254801230324
17,5,1,1.0
17,5,2,1.0
17,5,3,1.0
17,5,4,1.0
17,5,6,1.0
17,5,7,1.0
17,5,8,1.0
17,5,9,1.0
17,6,0,0.2047667509106114
17,6,1,1.0
17,6,2,1.0
17,6,3,1.0
17,6,4,1.0
17,6,5,1.0
17,6,7,1.0
17,6,8,1.0
17,6,9,1.0
17,7,0,0.2035491293203127
17,7,1,1.0
17,7,2,1.0
17,7,3,1.0
17,7,4,1.0
17,7,5,1.0
17,7,6,1.0
17,7,8,1.0
17,7,9,1.0
17,8,0,1.0
17,8,1,1.0
17,8,2,1.0
17,8,3,1.0
17,8,4,1.0
17,8,5,1.0
17,8,6,1.0
17,8,7,1.0
17,8,9,1.0
17,9,0,1.0
17,9,1,1.0
17,9,2,1.0
17,9,3,1.0
17,9,4,1.0
17,9,5,1.0
17,9,6,1.0
17,9,7,0.021981492381928952
17,9,8,1.0
18,2,0,1.0
18,2,1,1.0
18,2,3,1.0
18,2,4,1.0
18,2,5,1.0
18,2,6,1.0
18,2,7,0.11432804965561376
18,2,8,1.0
18,2,9,1.0
18,3,0,1.0
18,3,1,1.0
18,3,2,1.0
18,3,4,1.0
18,3,5,1.0
18,3,6,1.0
18,3,7,0.11443127103260678
18,3,8,1.0
18,3,9,1.0
18,5,0,0.1727641488342839
18,5,1,1.0
18,5,2,1.0
18,5,3,1.0
18,5,4,1.0
18,5,6,1.0
18,5,7,1.0
18,5,8,1.0
18,5,9,1.0
18,6,0,0.2226019212107727
18,6,1,1.0
18,6,2,1.0
18,6,3,1.0
18,6,4,1.0
18,6,5,1.0
18,6,7,1.0
18,6,8,1.0
18,6,9,1.0
18,7,0,0.2213979485605839
18,7,1,1.0
18,7,2,1.0
18,7,3,1.0
18,7,4,1.0
18,7,5,1.0
18,7,6,1.0
18,7,8,1.0
18,7,9,1.0
18,8,0,1.0
18,8,1,1.0
18,8,2,1.0
18,8,3,1.0
18,8,4,1.0
18,8,5,1.0
18,8,6,1.0
18,8,7,1.0
18,8,9,1.0
18,9,0,1.0
18,9,1,1.0
18,9,2,1.0
18,9,3,1.0
18,9,4,1.0
18,9,5,1.0
18,9,6,1.0
18,9,7,0.04176045603140334
18,9,8,1.0
19,2,0,1.0
19,2,1,1.0
19,2,3,1.0
19,2,4,1.0
19,2,5,1.0
19,2,6,1.0
19,2,7,0.13315007877411625
19,2,8,1.0
19,2,9,1.0
19,3,0,1.0
19,3,1,1.0
19,3,2,1.0
19,3,4,1.0
19,3,5,1.0
19,3,6,1.0
19,3,7,0.13325220330460005
19,3,8,1.0
19,3,9,1.0
19,5,0,0.19095465021457264
19,5,1,1.0
19,5,2,1.0
19,5,3,1.0
19,5,4,1.0
19,5,6,1.0
19,5,7,1.0
19,5,8,1.0
19,5,9,1.0
19,6,0,0.24023595737711
19,6,1,1.0
19,6,2,1.0
19,6,3,1.0
19,6,4,1.0
19,6,5,1.0
19,6,7,1.0
19,6,8,1.0
19,6,9,1.0
19,7,0,0.23904563454418432
19,7,1,1.0
19,7,2,1.0
19,7,3,1.0
19,7,4,1.0
19,7,5,1.0
19,7,6,1.0
19,7,8,1.0
19,7,9,1.0
19,8,0,1.0
19,8,1,1.0
19,8,2,1.0
19,8,3,1.0
19,8,4,1.0
19,8,5,1.0
19,8,6,1.0
19,8,7,1.0
19,8,9,1.0
19,9,0,1.0
19,9,1,1.0
19,9,2,1.0
19,9,3,1.0
19,9,4,1.0
19,9,5,1.0
19,9,6,1.0
19,9,7,0.061338398149701656
19,9,8,1.0
20,2,0,1.0
20,2,1,1.0
20,2,3,1.0
20,2,4,1.0
20,2,5,1.0
20,2,6,1.0
20,2,7,0.15177103386482935
20,2,8,1.0
20,2,9,1.0
20,3,0,1.0
20,3,1,1.0
20,3,2,1.0
20,3,4,1.0
20,3,5,1.0
20,3,6,1.0
20,3,7,0.1518720614855358
20,3,8,1.0
20,3,9,1.0
20,5,0,0.20894403986275614
20,5,1,1.0
20,5,2,1.0
20,5,3,1.0
20,5,4,1.0
20,5,6,1.0
20,5,7,1.0
20,5,8,1.0
20,5,9,1.0
20,6,0,0.25766884632441756
20,6,1,1.0
20,6,2,1.0
20,6,3,1.0
20,6,4,1.0
20,6,5,1.0
20,6,7,1.0
20,6,8,1.0
20,6,9,1.0
20,7,0,0.2564921742063158
20,7,1,1.0
20,7,2,1.0
20,7,3,1.0
20,7,4,1.0
20,7,5,1.0
20,7,6,1.0
20,7,8,1.0
20,7,9,1.0
20,8,0,1.0
20,8,1,1.0
20,8,2,1.0
20,8,3,1.0
20,8,4,1.0
20,8,5,1.0
20,8,6,1.0
20,8,7,1.0
20,8,9,1.0
20,9,0,1.0
20,9,1,1.0
20,9,2,1.0
20,9,3,1.0
20,9,4,1.0
20,9,5,1.0
20,9,6,1.0
20,9,7,0.08071530813917419
20,9,8,1.0
21,2,0,0.9496946720414612
21,2,1,1.0
21,2,3,1.0
21,2,4,1.0
21,2,5,1.0
21,2,6,1.0
21,2,7,0.17019090320351005
21,2,8,1.0
21,2,9,1.0
21,3,0,0.9496946720414612
21,3,1,1.0
21,3,2,1.0
21,3,4,1.0
21,3,5,1.0
21,3,6,1.0
21,3,7,0.1702908338497784
21,3,8,1.0
21,3,9,1.0
21,5,0,0.020894403986275616
21,5,1,1.0
21,5,2,1.0
21,5,3,1.0
21,5,4,1.0
21,5,6,1.0
21,5,7,1.0
21,5,8,1.0
21,5,9,1.0
21,6,0,0.027189636722818825
21,6,1,1.0
21,6,2,1.0
21,6,3,1.0
21,6,4,1.0
21,6,5,1.0
21,6,7,1.0
21,6,8,1.0
21,6,9,1.0
21,7,0,0.027065472362674273
21,7,1,1.0
21,7,2,1.0
21,7,3,1.0
21,7,4,1.0
21,7,5,1.0
21,7,6,1.0
21,7,8,1.0
21,7,9,1.0
21,8,0,0.9496946720414612
21,8,1,1.0
21,8,2,1.0
21,8,3,1.0
21,8,4,1.0
21,8,5,1.0
21,8,6,1.0
21,8,7,1.0
21,8,9,1.0
21,9,0,0.9496946720414612
21,9,1,1.0
21,9,2,1.0
21,9,3,1.0
21,9,4,1.0
21,9,5,1.0
21,9,6,1.0
21,9,7,0.09989117517939772
21,9,8,1.0
22,2,0,0.9541804418955013
22,2,1,1.0
22,2,3,1.0
22,2,4,1.0
22,2,5,1.0
22,2,6,1.0
22,2,7,0.18840967480640897
22,2,8,1.0
22,2,9,1.0
22,3,0,0.9541804418955013
22,3,1,1.0
22,3,2,1.0
22,3,4,1.0
22,3,5,1.0
22,3,6,1.0
22,3,7,0.18850850841213923
22,3,8,1.0
22,3,9,1.0
22,5,0,0.040684356952502956
22,5,1,1.0
22,5,2,1.0
22,5,3,1.0
22,5,4,1.0
22,5,6,1.0
22,5,7,1.0
22,5,8,1.0
22,5,9,1.0
22,6,0,0.04691586660363673
22,6,1,1.0
22,6,2,1.0
22,6,3,1.0
22,6,4,1.0
22,6,5,1.0
22,6,7,1.0
22,6,8,1.0
22,6,9,1.0
22,7,0,0.04679296107905505
22,7,1,1.0
22,7,2,1.0
22,7,3,1.0
22,7,4,1.0
22,7,5,1.0
22,7,6,1.0
22,7,8,1.0
22,7,9,1.0
22,8,0,0.9541804418955013
22,8,1,1.0
22,8,2,1.0
22,8,3,1.0
22,8,4,1.0
22,8,5,1.0
22,8,6,1.0
22,8,7,1.0
22,8,9,1.0
22,9,0,0.9541804418955013
22,9,1,1.0
22,9,2,1.0
22,9,3,1.0
22,9,4,1.0
22,9,5,1.0
22,9,6,1.0
22,9,7,0.11886598822006406
22,9,8,1.0
23,2,0,0.9584615425999697
23,2,1,0.9494685942584065
23,2,3,1.0
23,2,4,1.0
23,2,5,1.0
23,2,6,1.0
23,2,7,0.20642733642154196
23,2,8,1.0
23,2,9,1.0
23,3,0,0.9584615425999697
23,3,1,0.9494685942584065
23,3,2,1.0
23,3,4,1.0
23,3,5,1.0
23,3,6,1.0
23,3,7,0.018850850841213924
23,3,8,1.0
23,3,9,1.0
23,5,0,0.06027328896062937
23,5,1,0.9494685942584065
23,5,2,1.0
23,5,3,1.0
23,5,4,1.0
23,5,6,1.0
23,5,7,1.0
23,5,8,1.0
23,5,9,1.0
23,6,0,0.06644107219432248
23,6,1,0.9494685942584065
23,6,2,1.0
23,6,3,1.0
23,6,4,1.0
23,6,5,1.0
23,6,7,1.0
23,6,8,1.0
23,6,9,1.0
23,7,0,0.06631942557133778
23,7,1,0.9494685942584065
23,7,2,1.0
23,7,3,1.0
23,7,4,1.0
23,7,5,1.0
23,7,6,1.0
23,7,8,1.0
23,7,9,1.0
23,8,0,0.9584615425999697
23,8,1,0.9494685942584065
23,8,2,1.0
23,8,3,1.0
23,8,4,1.0
23,8,5,1.0
23,8,6,1.0
23,8,7,1.0
23,8,9,1.0
23,9,0,0.9584615425999697
23,9,1,0.9494685942584065
23,9,2,1.0
23,9,3,1.0
23,9,4,1.0
23,9,5,1.0
23,9,6,1.0
23,9,7,0.011886598822006406
23,9,8,1.0
24,2,0,0.9625377397198368
24,2,1,0.16501379871639474
24,2,3,1.0
24,2,4,0.5588235294117647
24,2,5,1.0
24,2,6,1.0
24,2,7,0.020642733642154198
24,2,8,1.0
24,2,9,1.0
24,3,0,0.9625377397198368
24,3,1,0.16501379871639474
24,3,2,1.0
24,3,4,0.5588235294117647
24,3,5,1.0
24,3,6,1.0
24,3,7,0.038661445472963754
24,3,8,1.0
24,3,9,1.0
24,5,0,0.07966118942498468
24,5,1,0.16501379871639474
24,5,2,1.0
24,5,3,1.0
24,5,4,0.5588235294117647
24,5,6,1.0
24,5,7,1.0
24,5,8,1.0
24,5,9,1.0
24,6,0,0.08576524283945682
24,6,1,0.16501379871639474
24,6,2,1.0
24,6,3,1.0
24,6,4,0.5588235294117647
24,6,5,1.0
24,6,7,1.0
24,6,8,1.0
24,6,9,1.0
24,7,0,0.08564485518548778
24,7,1,0.16501379871639474
24,7,2,1.0
24,7,3,1.0
24,7,4,0.5588235294117647
24,7,5,1.0
24,7,6,1.0
24,7,8,1.0
24,7,9,1.0
24,8,0,0.9625377397198368
24,8,1,0.16501379871639474
24,8,2,1.0
24,8,3,1.0
24,8,4,0.5588235294117647
24,8,5,1.0
24,8,6,1.0
24,8,7,1.0
24,8,9,1.0
24,9,0,0.9625377397198368
24,9,1,0.16501379871639474
24,9,2,1.0
24,9,3,1.0
24,9,4,0.5588235294117647
24,9,5,1.0
24,9,6,1.0
24,9,7,0.03176737749064004
24,9,8,1.0
25,2,0,0.9664087737047129
25,2,1,0.017255573667772025
25,2,3,1.0
25,2,4,0.13079521529323437
25,2,5,1.0
25,2,6,1.0
25,2,7,0.0020642733642154197
25,2,8,1.0
25,2,9,1.0
25,3,0,0.9664087737047129
25,3,1,0.017255573667772025
25,3,2,1.0
25,3,4,0.13079521529323437
25,3,5,1.0
25,3,6,1.0
25,3,7,0.0038661445472963755
25,3,8,1.0
25,3,9,1.0
25,5,0,0.09884804753750552
25,5,1,0.017255573667772025
25,5,2,1.0
25,5,3,1.0
25,5,4,0.13079521529323437
25,5,6,1.0
25,5,7,1.0
25,5,8,1.0
25,5,9,1.0
25,6,0,0.10488836765901018
25,6,1,0.017255573667772025
25,6,2,1.0
25,6,3,1.0
25,6,4,0.13079521529323437
25,6,5,1.0
25,6,7,1.0
25,6,8,1.0
25,6,9,1.0
25,7,0,0.1047692390429041
25,7,1,0.017255573667772025
25,7,2,1.0
25,7,3,1.0
25,7,4,0.13079521529323437
25,7,5,1.0
25,7,6,1.0
25,7,8,1.0
25,7,9,1.0
25,8,0,0.9664087737047129
25,8,1,0.017255573667772025
25,8,2,1.0
25,8,3,1.0
25,8,4,0.13079521529323437
25,8,5,1.0
25,8,6,1.0
25,8,7,1.0
25,8,9,1.0
25,9,0,0.9664087737047129
25,9,1,0.017255573667772025
25,9,2,1.0
25,9,3,1.0
25,9,4,0.13079521529323437
25,9,5,1.0
25,9,6,1.0
25,9,7,0.05144713991308165
25,9,8,1.0
26,2,0,0.13501299044404078
26,2,1,0.0017255573667772025
26,2,3,1.0
26,2,4,0.013079521529323438
26,2,5,1.0
26,2,6,1.0
26,2,7,0.00020642733642154199
26,2,8,1.0
26,2,9,1.0
26,3,0,0.13501299044404078
26,3,1,0.0017255573667772025
26,3,2,1.0
26,3,4,0.013079521529323438
26,3,5,1.0
26,3,6,1.0
26,3,7,0.0003866144547296376
26,3,8,1.0
26,3,9,1.0
26,5,0,0.009884804753750552
26,5,1,0.0017255573667772025
26,5,2,1.0
26,5,3,1.0
26,5,4,0.013079521529323438
26,5,6,1.0
26,5,7,1.0
26,5,8,1.0
26,5,9,1.0
26,6,0,0.010488836765901018
26,6,1,0.0017255573667772025
26,6,2,1.0
26,6,3,1.0
26,6,4,0.013079521529323438
26,6,5,1.0
26,6,7,1.0
26,6,8,1.0
26,6,9,1.0
26,7,0,0.01047692390429041
26,7,1,0.0017255573667772025
26,7,2,1.0
26,7,3,1.0
26,7,4,0.013079521529323438
26,7,5,1.0
26,7,6,1.0
26,7,8,1.0
26,7,9,1.0
26,8,0,0.13501299044404078
26,8,1,0.0017255573667772025
26,8,2,1.0
26,8,3,1.0
26,8,4,0.013079521529323438
26,8,5,1.0
26,8,6,1.0
26,8,7,1.0
26,8,9,1.0
26,9,0,0.13501299044404078
26,9,1,0.0017255573667772025
26,9,2,1.0
26,9,3,1.0
26,9,4,0.013079521529323438
26,9,5,1.0
26,9,6,1.0
26,9,7,0.070925875601898
26,9,8,1.0
27,2,0,0.013501299044404079
27,2,1,0.00017255573667772025
27,2,3,1.0
27,2,4,0.001307952152932344
27,2,5,1.0
27,2,6,1.0
27,2,7,2.06427336421542e-05
27,2,8,1.0
27,2,9,1.0
27,3,0,0.013501299044404079
27,3,1,0.00017255573667772025
27,3,2,1.0
27,3,4,0.001307952152932344
27,3,5,1.0
27,3,6,1.0
27,3,7,0.020382747936433264
27,3,8,1.0
27,3,9,1.0
27,5,0,0.0009884804753750552
27,5,1,0.00017255573667772025
27,5,2,1.0
27,5,3,1.0
27,5,4,0.001307952152932344
27,5,6,1.0
27,5,7,1.0
27,5,8,1.0
27,5,9,1.0
27,6,0,0.0010488836765901019
27,6,1,0.00017255573667772025
27,6,2,1.0
27,6,3,1.0
27,6,4,0.001307952152932344
27,6,5,1.0
27,6,7,1.0
27,6,8,1.0
27,6,9,1.0
27,7,0,0.0010476923904290411
27,7,1,0.00017255573667772025
27,7,2,1.0
27,7,3,1.0
27,7,4,0.001307952152932344
27,7,5,1.0
27,7,6,1.0
27,7,8,1.0
27,7,9,1.0
27,8,0,0.013501299044404079
27,8,1,0.00017255573667772025
27,8,2,1.0
27,8,3,1.0
27,8,4,0.001307952152932344
27,8,5,1.0
27,8,6,1.0
27,8,7,1.0
27,8,9,1.0
27,9,0,0.013501299044404079
27,9,1,0.00017255573667772025
27,9,2,1.0
27,9,3,1.0
27,9,4,0.001307952152932344
27,9,5,1.0
27,9,6,1.0
27,9,7,0.09020357385037263
27,9,8,1.0
28,2,0,0.001350129904440408
28,2,1,1.7255573667772025e-05
28,2,3,1.0
28,2,4,0.0001307952152932344
28,2,5,1.0
28,2,6,1.0
28,2,7,2.0642733642154198e-06
28,2,8,1.0
28,2,9,1.0
28,3,0,0.001350129904440408
28,3,1,1.7255573667772025e-05
28,3,2,1.0
28,3,4,0.0001307952152932344
28,3,5,1.0
28,3,6,1.0
28,3,7,0.04017787109405538
28,3,8,1.0
28,3,9,1.0
28,5,0,9.884804753750552e-05
28,5,1,1.7255573667772025e-05
28,5,2,1.0
28,5,3,1.0
28,5,4,0.0001307952152932344
28,5,6,1.0
28,5,7,1.0
28,5,8,1.0
28,5,9,1.0
28,6,0,0.0001048883676590102
28,6,1,1.7255573667772025e-05
28,6,2,1.0
28,6,3,1.0
28,6,4,0.0001307952152932344
28,6,5,1.0
28,6,7,1.0
28,6,8,1.0
28,6,9,1.0
28,7,0,0.00010476923904290412
28,7,1,1.7255573667772025e-05
28,7,2,1.0
28,7,3,1.0
28,7,4,0.0001307952152932344
28,7,5,1.0
28,7,6,1.0
28,7,8,1.0
28,7,9,1.0
28,8,0,0.001350129904440408
28,8,1,1.7255573667772025e-05
28,8,2,1.0
28,8,3,1.0
28,8,4,0.0001307952152932344
28,8,5,1.0
28,8,6,1.0
28,8,7,1.0
28,8,9,1.0
28,9,0,0.001350129904440408
28,9,1,1.7255573667772025e-05
28,9,2,1.0
28,9,3,1.0
28,9,4,0.0001307952152932344
28,9,5,1.0
28,9,6,1.0
28,9,7,0.10928022372554336
28,9,8,1.0
29,2,0,0.0001350129904440408
29,2,1,1.7255573667772025e-06
29,2,3,1.0
29,2,4,1.307952152932344e-05
29,2,5,1.0
29,2,6,1.0
29,2,7,0.02000204363061994
29,2,8,1.0
29,2,9,1.0
29,3,0,0.0001350129904440408
29,3,1,1.7255573667772025e-06
29,3,2,1.0
29,3,4,1.307952152932344e-05
29,3,5,1.0
29,3,6,1.0
29,3,7,0.05977197356297134
29,3,8,1.0
29,3,9,1.0
29,5,0,9.884804753750552e-06
29,5,1,1.7255573667772025e-06
29,5,2,1.0
29,5,3,1.0
29,5,4,1.307952152932344e-05
29,5,6,1.0
29,5,7,1.0
29,5,8,1.0
29,5,9,1.0
29,6,0,1.048883676590102e-05
29,6,1,1.7255573667772025e-06
29,6,2,1.0
29,6,3,1.0
29,6,4,1.307952152932344e-05
29,6,5,1.0
29,6,7,1.0
29,6,8,1.0
29,6,9,1.0
29,7,0,1.0476923904290414e-05
29,7,1,1.7255573667772025e-06
29,7,2,1.0
29,7,3,1.0
29,7,4,1.307952152932344e-05
29,7,5,1.0
29,7,6,1.0
29,7,8,1.0
29,7,9,1.0
29,8,0,0.0001350129904440408
29,8,1,1.7255573667772025e-06
29,8,2,1.0
29,8,3,1.0
29,8,4,1.307952152932344e-05
29,8,5,1.0
29,8,6,1.0
29,8,7,1.0
29,8,9,1.0
29,9,0,0.0001350129904440408
29,9,1,1.7255573667772025e-06
29,9,2,1.0
29,9,3,1.0
29,9,4,1.307952152932344e-05
29,9,5,1.0
29,9,6,1.0
29,9,7,0.1281558140609417
29,9,8,1.0
30,2,0,1.350129904440408e-05
30,2,1,1.7255573667772027e-07
30,2,3,1.0
30,2,4,1.307952152932344e-06
30,2,5,1.0
30,2,6,1.0
30,2,7,0.039801012860045816
30,2,8,1.0
30,2,9,1.0
30,3,0,1.350129904440408e-05
30,3,1,1.7255573667772027e-07
30,3,2,1.0
30,3,4,1.307952152932344e-06
30,3,5,1.0
30,3,6,1.0
30,3,7,0.07916504476314003
30,3,8,1.0
30,3,9,1.0
30,5,0,9.884804753750553e-07
30,5,1,1.7255573667772027e-07
30,5,2,1.0
30,5,3,1.0
30,5,4,1.307952152932344e-06
30,5,6,1.0
30,5,7,1.0
30,5,8,1.0
30,5,9,1.0
30,6,0,1.0488836765901021e-06
30,6,1,1.7255573667772027e-07
30,6,2,1.0
30,6,3,1.0
30,6,4,1.307952152932344e-06
30,6,5,1.0
30,6,7,1.0
30,6,8,1.0
30,6,9,1.0
30,7,0,1.0476923904290413e-06
30,7,1,1.7255573667772027e-07
30,7,2,1.0
30,7,3,1.0
30,7,4,1.307952152932344e-06
30,7,5,1.0
30,7,6,1.0
30,7,8,1.0
30,7,9,1.0
30,8,0,1.350129904440408e-05
30,8,1,1.7255573667772027e-07
30,8,2,1.0
30,8,3,1.0
30,8,4,1.307952152932344e-06
30,8,5,1.0
30,8,6,1.0
30,8,7,1.0
30,8,9,1.0
30,9,0,1.350129904440408e-05
30,9,1,1.7255573667772027e-07
30,9,2,1.0
30,9,3,1.0
30,9,4,1.307952152932344e-06
30,9,5,1.0
30,9,6,1.0
30,9,7,0.14683033344901764
30,9,8,1.0
31,2,0,1.350129904440408e-06
31,2,1,1.7255573667772028e-08
31,2,3,1.0
31,2,4,1.307952152932344e-07
31,2,5,1.0
31,2,6,1.0
31,2,7,0.05939896160107436
31,2,8,1.0
31,2,9,1.0
31,3,0,1.350129904440408e-06
31,3,1,1.7255573667772028e-08
31,3,2,1.0
31,3,4,1.307952152932344e-07
31,3,5,1.0
31,3,6,1.0
31,3,7,0.09835707389230572
31,3,8,1.0
31,3,9,1.0
31,5,0,9.884804753750553e-08
31,5,1,1.7255573667772028e-08
31,5,2,1.0
31,5,3,1.0
31,5,4,1.307952152932344e-07
31,5,6,1.0
31,5,7,1.0
31,5,8,1.0
31,5,9,1.0
31,6,0,1.0488836765901022e-07
31,6,1,1.7255573667772028e-08
31,6,2,1.0
31,6,3,1.0
31,6,4,1.307952152932344e-07
31,6,5,1.0
31,6,7,1.0
31,6,8,1.0
31,6,9,1.0
31,7,0,1.0476923904290413e-07
31,7,1,1.7255573667772028e-08
31,7,2,1.0
31,7,3,1.0
31,7,4,1.307952152932344e-07
31,7,5,1.0
31,7,6,1.0
31,7,8,1.0
31,7,9,1.0
31,8,0,1.350129904440408e-06
31,8,1,1.7255573667772028e-08
31,8,2,1.0
31,8,3,1.0
31,8,4,1.307952152932344e-07
31,8,5,1.0
31,8,6,1.0
31,8,7,1.0
31,8,9,1.0
31,9,0,1.350129904440408e-06
31,9,1,1.7255573667772028e-08
31,9,2,1.0
31,9,3,1.0
31,9,4,1.307952152932344e-07
31,9,5,1.0
31,9,6,1.0
31,9,7,0.16530377023323278
31,9,8,1.0
32,2,0,1.350129904440408e-07
32,2,1,1.7255573667772029e-09
32,2,3,1.0
32,2,4,1.307952152932344e-08
32,2,5,1.0
32,2,6,1.0
32,2,7,0.07879587927784895
32,2,8,1.0
32,2,9,1.0
32,3,0,1.350129904440408e-07
32,3,1,1.7255573667772029e-09
32,3,2,1.0
32,3,4,1.307952152932344e-08
32,3,5,1.0
32,3,6,1.0
32,3,7,0.11734804991891053
32,3,8,1.0
32,3,9,1.0
32,5,0,9.884804753750555e-09
32,5,1,1.7255573667772029e-09
32,5,2,1.0
32,5,3,1.0
32,5,4,1.307952152932344e-08
32,5,6,1.0
32,5,7,1.0
32,5,8,1.0
32,5,9,1.0
32,6,0,1.0488836765901023e-08
32,6,1,1.7255573667772029e-09
32,6,2,1.0
32,6,3,1.0
32,6,4,1.307952152932344e-08
32,6,5,1.0
32,6,7,1.0
32,6,8,1.0
32,6,9,1.0
32,7,0,1.0476923904290414e-08
32,7,1,1.7255573667772029e-09
32,7,2,1.0
32,7,3,1.0
32,7,4,1.307952152932344e-08
32,7,5,1.0
32,7,6,1.0
32,7,8,1.0
32,7,9,1.0
32,8,0,1.350129904440408e-07
32,8,1,1.7255573667772029e-09
32,8,2,1.0
32,8,3,1.0
32,8,4,1.307952152932344e-08
32,8,5,1.0
32,8,6,1.0
32,8,7,1.0
32,8,9,1.0
32,9,0,1.350129904440408e-07
32,9,1,1.7255573667772029e-09
32,9,2,1.0
32,9,3,1.0
32,9,4,1.307952152932344e-08
32,9,5,1.0
32,9,6,1.0
32,9,7,0.18357611249980352
32,9,8,1.0
33,2,0,1.3501299044404082e-08
33,2,1,1.7255573667772029e-10
33,2,3,1.0
33,2,4,1.3079521529323442e-09
33,2,5,1.0
33,2,6,1.0
33,2,7,0.09799175509243113
33,2,8,1.0
33,2,9,1.0
33,3,0,1.3501299044404082e-08
33,3,1,1.7255573667772029e-10
33,3,2,1.0
33,3,4,1.3079521529323442e-09
33,3,5,1.0
33,3,6,1.0
33,3,7,0.13613796157470168
33,3,8,1.0
33,3,9,1.0
33,5,0,9.884804753750555e-10
33,5,1,1.7255573667772029e-10
33,5,2,1.0
33,5,3,1.0
33,5,4,1.3079521529323442e-09
33,5,6,1.0
33,5,7,1.0
33,5,8,1.0
33,5,9,1.0
33,6,0,1.0488836765901023e-09
33,6,1,1.7255573667772029e-10
33,6,2,1.0
33,6,3,1.0
33,6,4,1.3079521529323442e-09
33,6,5,1.0
33,6,7,1.0
33,6,8,1.0
33,6,9,1.0
33,7,0,1.0476923904290414e-09
33,7,1,1.7255573667772029e-10
33,7,2,1.0
33,7,3,1.0
33,7,4,1.3079521529323442e-09
33,7,5,1.0
33,7,6,1.0
33,7,8,1.0
33,7,9,1.0
33,8,0,1.3501299044404082e-08
33,8,1,1.7255573667772029e-10
33,8,2,1.0
33,8,3,1.0
33,8,4,1.3079521529323442e-09
33,8,5,1.0
33,8,6,1.0
33,8,7,1.0
33,8,9,1.0
33,9,0,1.3501299044404082e-08
33,9,1,1.7255573667772029e-10
33,9,2,1.0
33,9,3,1.0
33,9,4,1.3079521529323442e-09
33,9,5,1.0
33,9,6,1.0
33,9,7,0.20164734806907433
33,9,8,1.0
34,2,0,1.3501299044404082e-09
34,2,1,1.725557366777203e-11
34,2,3,1.0
34,2,4,1.3079521529323443e-10
34,2,5,1.0
34,2,6,1.0
34,2,7,0.11698657801771864
34,2,8,1.0
34,2,9,1.0
34,3,0,1.3501299044404082e-09
34,3,1,1.725557366777203e-11
34,3,2,1.0
34,3,4,1.3079521529323443e-10
34,3,5,1.0
34,3,6,1.0
34,3,7,0.15472679734701728
34,3,8,1.0
34,3,9,1.0
34,5,0,9.884804753750556e-11
34,5,1,1.725557366777203e-11
34,5,2,1.0
34,5,3,1.0
34,5,4,1.3079521529323443e-10
34,5,6,1.0
34,5,7,1.0
34,5,8,1.0
34,5,9,1.0
34,6,0,1.0488836765901023e-10
34,6,1,1.725557366777203e-11
34,6,2,1.0
34,6,3,1.0
34,6,4,1.3079521529323443e-10
34,6,5,1.0
34,6,7,1.0
34,6,8,1.0
34,6,9,1.0
34,7,0,1.0476923904290415e-10
34,7,1,1.725557366777203e-11
34,7,2,1.0
34,7,3,1.0
34,7,4,1.3079521529323443e-10
34,7,5,1.0
34,7,6,1.0
34,7,8,1.0
34,7,9,1.0
34,8,0,1.3501299044404082e-09
34,8,1,1.725557366777203e-11
34,8,2,1.0
34,8,3,1.0
34,8,4,1.3079521529323443e-10
34,8,5,1.0
34,8,6,1.0
34,8,7,1.0
34,8,9,1.0
34,9,0,1.3501299044404082e-09
34,9,1,1.725557366777203e-11
34,9,2,1.0
34,9,3,1.0
34,9,4,1.3079521529323443e-10
34,9,5,1.0
34,9,6,1.0
34,9,7,0.2195174644865007
34,9,8,1.0
35,2,0,1.3501299044404083e-10
35,2,1,1.725557366777203e-12
35,2,3,1.0
35,2,4,1.3079521529323443e-11
35,2,5,1.0
35,2,6,1.0
35,2,7,0.1357803367900588
35,2,8,1.0
35,2,9,1.0
35,3,0,1.3501299044404083e-10
35,3,1,1.725557366777203e-12
35,3,2,1.0
35,3,4,1.3079521529323443e-11
35,3,5,1.0
35,3,6,1.0
35,3,7,0.17311454547073252
35,3,8,1.0
35,3,9,1.0
35,5,0,9.884804753750557e-12
35,5,1,1.725557366777203e-12
35,5,2,1.0
35,5,3,1.0
35,5,4,1.3079521529323443e-11
35,5,6,1.0
35,5,7,1.0
35,5,8,1.0
35,5,9,1.0
35,6,0,1.0488836765901023e-11
35,6,1,1.725557366777203e-12
35,6,2,1.0
35,6,3,1.0
35,6,4,1.3079521529323443e-11
35,6,5,1.0
35,6,7,1.0
35,6,8,1.0
35,6,9,1.0
35,7,0,1.0476923904290415e-11
35,7,1,1.725557366777203e-12
35,7,2,1.0
35,7,3,1.0
35,7,4,1.3079521529323443e-11
35,7,5,1.0
35,7,6,1.0
35,7,8,1.0
35,7,9,1.0
35,8,0,1.3501299044404083e-10
35,8,1,1.725557366777203e-12
35,8,2,1.0
35,8,3,1.0
35,8,4,1.3079521529323443e-11
35,8,5,1.0
35,8,6,1.0
35,8,7,1.0
35,8,9,1.0
35,9,0,1.3501299044404083e-10
35,9,1,1.725557366777203e-12
35,9,2,1.0
35,9,3,1.0
35,9,4,1.3079521529323443e-11
35,9,5,1.0
35,9,6,1.0
35,9,7,0.2371864490132187
35,9,8,1.0
36,2,0,1.3501299044404083e-11
36,2,1,1.725557366777203e-13
36,2,3,1.0
36,2,4,1.3079521529323443e-12
36,2,5,1.0
36,2,6,1.0
36,2,7,0.1543730199015405
36,2,8,1.0
36,2,9,1.0
36,3,0,1.3501299044404083e-11
36,3,1,1.725557366777203e-13
36,3,2,1.0
36,3,4,1.3079521529323443e-12
36,3,5,1.0
36,3,6,1.0
36,3,7,0.19130119391984782
36,3,8,1.0
36,3,9,1.0
36,5,0,9.884804753750556e-13
36,5,1,1.725557366777203e-13
36,5,2,1.0
36,5,3,1.0
36,5,4,1.3079521529323443e-12
36,5,6,1.0
36,5,7,1.0
36,5,8,1.0
36,5,9,1.0
36,6,0,1.0488836765901024e-12
36,6,1,1.725557366777203e-13
36,6,2,1.0
36,6,3,1.0
36,6,4,1.3079521529323443e-12
36,6,5,1.0
36,6,7,1.0
36,6,8,1.0
36,6,9,1.0
36,7,0,1.0476923904290416e-12
36,7,1,1.725557366777203e-13
36,7,2,1.0
36,7,3,1.0
36,7,4,1.3079521529323443e-12
36,7,5,1.0
36,7,6,1.0
36,7,8,1.0
36,7,9,1.0
36,8,0,1.3501299044404083e-11
36,8,1,1.725557366777203e-13
36,8,2,1.0
36,8,3,1.0
36,8,4,1.3079521529323443e-12
36,8,5,1.0
36,8,6,1.0
36,8,7,1.0
36,8,9,1.0
36,9,0,1.3501299044404083e-11
36,9,1,1.725557366777203e-13
36,9,2,1.0
36,9,3,1.0
36,9,4,1.3079521529323443e-12
36,9,5,1.0
36,9,6,1.0
36,9,7,0.254654288616178
36,9,8,1.0
37,2,0,1.3501299044404085e-12
37,2,1,1.7255573667772033e-14
37,2,3,1.0
37,2,4,1.3079521529323443e-13
37,2,5,1.0
37,2,6,1.0
37,2,7,0.17276461559194717
37,2,8,1.0
37,2,9,1.0
37,3,0,1.3501299044404085e-12
37,3,1,1.7255573667772033e-14
37,3,2,1.0
37,3,4,1.3079521529323443e-13
37,3,5,1.0
37,3,6,1.0
37,3,7,0.2092867303986983
37,3,8,1.0
37,3,9,1.0
37,5,0,9.884804753750557e-14
37,5,1,1.7255573667772033e-14
37,5,2,1.0
37,5,3,1.0
37,5,4,1.3079521529323443e-13
37,5,6,1.0
37,5,7,1.0
37,5,8,1.0
37,5,9,1.0
37,6,0,1.0488836765901025e-13
37,6,1,1.7255573667772033e-14
37,6,2,1.0
37,6,3,1.0
37,6,4,1.3079521529323443e-13
37,6,5,1.0
37,6,7,1.0
37,6,8,1.0
37,6,9,1.0
37,7,0,1.0476923904290417e-13
37,7,1,1.7255573667772033e-14
37,7,2,1.0
37,7,3,1.0
37,7,4,1.3079521529323443e-13
37,7,5,1.0
37,7,6,1.0
37,7,8,1.0
37,7,9,1.0
37,8,0,1.3501299044404085e-12
37,8,1,1.7255573667772033e-14
37,8,2,1.0
37,8,3,1.0
37,8,4,1.3079521529323443e-13
37,8,5,1.0
37,8,6,1.0
37,8,7,1.0
37,8,9,1.0
37,9,0,1.3501299044404085e-12
37,9,1,1.7255573667772033e-14
37,9,2,1.0
37,9,3,1.0
37,9,4,1.3079521529323443e-13
37,9,5,1.0
37,9,6,1.0
37,9,7,0.27192096995781195
37,9,8,1.0
38,2,0,1.3501299044404084e-13
38,2,1,1.7255573667772035e-15
38,2,3,1.0
38,2,4,1.3079521529323443e-14
38,2,5,1.0
38,2,6,1.0
38,2,7,0.19095511184035177
38,2,8,1.0
38,2,9,1.0
38,3,0,1.3501299044404084e-13
38,3,1,1.7255573667772035e-15
38,3,2,1.0
38,3,4,1.3079521529323443e-14
38,3,5,1.0
38,3,6,1.0
38,3,7,0.22707114233276351
38,3,8,1.0
38,3,9,1.0
38,5,0,9.884804753750558e-15
38,5,1,1.7255573667772035e-15
38,5,2,1.0
38,5,3,1.0
38,5,4,1.3079521529323443e-14
38,5,6,1.0
38,5,7,1.0
38,5,8,1.0
38,5,9,1.0
38,6,0,1.0488836765901026e-14
38,6,1,1.7255573667772035e-15
38,6,2,1.0
38,6,3,1.0
38,6,4,1.3079521529323443e-14
38,6,5,1.0
38,6,7,1.0
38,6,8,1.0
38,6,9,1.0
38,7,0,1.0476923904290417e-14
38,7,1,1.7255573667772035e-15
38,7,2,1.0
38,7,3,1.0
38,7,4,1.3079521529323443e-14
38,7,5,1.0
38,7,6,1.0
38,7,8,1.0
38,7,9,1.0
38,8,0,1.3501299044404084e-13
38,8,1,1.7255573667772035e-15
38,8,2,1.0
38,8,3,1.0
38,8,4,1.3079521529323443e-14
38,8,5,1.0
38,8,6,1.0
38,8,7,1.0
38,8,9,1.0
38,9,0,1.3501299044404084e-13
38,9,1,1.7255573667772035e-15
38,9,2,1.0
38,9,3,1.0
38,9,4,1.3079521529323443e-14
38,9,5,1.0
38,9,6,1.0
38,9,7,0.2889864793852177
38,9,8,1.0
39,2,0,1.3501299044404085e-14
39,2,1,1.7255573667772035e-16
39,2,3,1.0
39,2,4,1.3079521529323444e-15
39,2,5,1.0
39,2,6,1.0
39,2,7,0.20894449635633397
39,2,8,1.0
39,2,9,1.0
39,3,0,1.3501299044404085e-14
39,3,1,1.7255573667772035e-16
39,3,2,1.0
39,3,4,1.3079521529323444e-15
39,3,5,1.0
39,3,6,1.0
39,3,7,0.24465441685905398
39,3,8,1.0
39,3,9,1.0
39,5,0,9.884804753750558e-16
39,5,1,1.7255573667772035e-16
39,5,2,1.0
39,5,3,1.0
39,5,4,1.3079521529323444e-15
39,5,6,1.0
39,5,7,1.0
39,5,8,1.0
39,5,9,1.0
39,6,0,1.0488836765901027e-15
39,6,1,1.7255573667772035e-16
39,6,2,1.0
39,6,3,1.0
39,6,4,1.3079521529323444e-15
39,6,5,1.0
39,6,7,1.0
39,6,8,0.76
39,6,9,1.0
39,7,0,1.0476923904290418e-15
39,7,1,1.7255573667772035e-16
39,7,2,1.0
39,7,3,1.0
39,7,4,1.3079521529323444e-15
39,7,5,1.0
39,7,6,1.0
39,7,8,1.0
39,7,9,1.0
39,8,0,1.3501299044404085e-14
39,8,1,1.7255573667772035e-16
39,8,2,1.0
39,8,3,1.0
39,8,4,1.3079521529323444e-15
39,8,5,1.0
39,8,6,1.0
39,8,7,1.0
39,8,9,1.0
39,9,0,1.3501299044404085e-14
39,9,1,1.7255573667772035e-16
39,9,2,1.0
39,9,3,1.0
39,9,4,1.3079521529323444e-15
39,9,5,1.0
39,9,6,1.0
39,9,7,0.30585080291881706
39,9,8,1.0
40,2,0,1.3501299044404086e-15
40,2,1,1.7255573667772037e-17
40,2,3,1.0
40,2,4,1.3079521529323444e-16
40,2,5,1.0
40,2,6,1.0
40,2,7,0.22673275657079753
40,2,8,1.0
40,2,9,1.0
40,3,0,1.3501299044404086e-15
40,3,1,1.7255573667772037e-17
40,3,2,1.0
40,3,4,1.3079521529323444e-16
40,3,5,1.0
40,3,6,1.0
40,3,7,0.2620365408160501
40,3,8,1.0
40,3,9,1.0
40,5,0,9.884804753750558e-17
40,5,1,1.7255573667772037e-17
40,5,2,1.0
40,5,3,1.0
40,5,4,1.3079521529323444e-16
40,5,6,1.0
40,5,7,1.0
40,5,8,1.0
40,5,9,1.0
40,6,0,1.0488836765901027e-16
40,6,1,1.7255573667772037e-17
40,6,2,1.0
40,6,3,1.0
40,6,4,1.3079521529323444e-16
40,6,5,1.0
40,6,7,1.0
40,6,8,0.7697979589711327
40,6,9,1.0
40,7,0,1.0476923904290418e-16
40,7,1,1.7255573667772037e-17
40,7,2,1.0
40,7,3,1.0
40,7,4,1.3079521529323444e-16
40,7,5,1.0
40,7,6,1.0
40,7,8,1.0
40,7,9,1.0
40,8,0,1.3501299044404086e-15
40,8,1,1.7255573667772037e-17
40,8,2,1.0
40,8,3,1.0
40,8,4,1.3079521529323444e-16
40,8,5,1.0
40,8,6,1.0
40,8,7,1.0
40,8,9,1.0
40,9,0,1.3501299044404086e-15
40,9,1,1.7255573667772037e-17
40,9,2,1.0
40,9,3,1.0
40,9,4,1.3079521529323444e-16
40,9,5,1.0
40,9,6,1.0
40,9,7,0.32251392624046576
40,9,8,1.0
41,2,0,1.3501299044404088e-16
41,2,1,1.7255573667772037e-18
41,2,3,1.0
41,2,4,1.3079521529323445e-17
41,2,5,1.0
41,2,6,1.0
41,2,7,0.24431987962636526
41,2,8,0.7306819258182583
41,2,9,1.0
41,3,0,1.3501299044404088e-16
41,3,1,1.7255573667772037e-18
41,3,2,1.0
41,3,4,1.3079521529323445e-17
41,3,5,1.0
41,3,6,1.0
41,3,7,0.2792175007331671
41,3,8,1.0
41,3,9,1.0
41,5,0,9.884804753750558e-18
41,5,1,1.7255573667772037e-18
41,5,2,1.0
41,5,3,1.0
41,5,4,1.3079521529323445e-17
41,5,6,1.0
41,5,7,1.0
41,5,8,1.0
41,5,9,1.0
41,6,0,1.0488836765901029e-17
41,6,1,1.7255573667772037e-18
41,6,2,1.0
41,6,3,1.0
41,6,4,1.3079521529323445e-17
41,6,5,1.0
41,6,7,1.0
41,6,8,0.7793938339396568
41,6,9,1.0
41,7,0,1.0476923904290419e-17
41,7,1,1.7255573667772037e-18
41,7,2,1.0
41,7,3,1.0
41,7,4,1.3079521529323445e-17
41,7,5,1.0
41,7,6,1.0
41,7,8,1.0
41,7,9,1.0
41,8,0,1.3501299044404088e-16
41,8,1,1.7255573667772037e-18
41,8,2,0.7191188559637619
41,8,3,1.0
41,8,4,1.3079521529323445e-17
41,8,5,1.0
41,8,6,1.0
41,8,7,1.0
41,8,9,1.0
41,9,0,1.3501299044404088e-16
41,9,1,1.7255573667772037e-18
41,9,2,1.0
41,9,3,1.0
41,9,4,1.3079521529323445e-17
41,9,5,1.0
41,9,6,1.0
41,9,7,0.3389758346809782
41,9,8,1.0
42,2,0,1.350129904440409e-17
42,2,1,1.7255573667772039e-19
42,2,3,1.0
42,2,4,1.3079521529323445e-18
42,2,5,1.0
42,2,6,1.0
42,2,7,0.2617058523673267
42,2,8,0.7410610986982472
42,2,9,1.0
42,3,0,1.350129904440409e-17
42,3,1,1.7255573667772039e-19
42,3,2,1.0
42,3,4,1.3079521529323445e-18
42,3,5,1.0
42,3,6,1.0
42,3,7,0.29619728281971736
42,3,8,1.0
42,3,9,1.0
42,5,0,9.884804753750557e-19
42,5,1,1.7255573667772039e-19
42,5,2,1.0
42,5,3,1.0
42,5,4,1.3079521529323445e-18
42,5,6,1.0
42,5,7,1.0
42,5,8,1.0
42,5,9,1.0
42,6,0,1.048883676590103e-18
42,6,1,1.7255573667772039e-19
42,6,2,1.0
42,6,3,1.0
42,6,4,1.3079521529323445e-18
42,6,5,1.0
42,6,7,1.0
42,6,8,0.7887875800733426
42,6,9,1.0
42,7,0,1.047692390429042e-18
42,7,1,1.7255573667772039e-19
42,7,2,1.0
42,7,3,1.0
42,7,4,1.3079521529323445e-18
42,7,5,1.0
42,7,6,1.0
42,7,8,1.0
42,7,9,1.0
42,8,0,1.350129904440409e-17
42,8,1,1.7255573667772039e-19
42,8,2,0.72971850018489
42,8,3,1.0
42,8,4,1.3079521529323445e-18
42,8,5,1.0
42,8,6,1.0
42,8,7,1.0
42,8,9,1.0
42,9,0,1.350129904440409e-17
42,9,1,1.7255573667772039e-19
42,9,2,1.0
42,9,3,1.0
42,9,4,1.3079521529323445e-18
42,9,5,1.0
42,9,6,1.0
42,9,7,0.3552365132070302
42,9,8,1.0
43,2,0,1.350129904440409e-18
43,2,1,1.725557366777204e-20
43,2,3,1.0
43,2,4,1.3079521529323446e-19
43,2,5,1.0
43,2,6,1.0
43,2,7,0.2788906613291124
43,2,8,0.13141862702884533
43,2,9,1.0
43,3,0,1.350129904440409e-18
43,3,1,1.725557366777204e-20
43,3,2,1.0
43,3,4,1.3079521529323446e-19
43,3,5,1.0
43,3,6,1.0
43,3,7,0.31297587295334045
43,3,8,0.7298720604841692
43,3,9,1.0
43,5,0,9.884804753750557e-20
43,5,1,1.725557366777204e-20
43,5,2,1.0
43,5,3,1.0
43,5,4,1.3079521529323446e-19
43,5,6,1.0
43,5,7,1.0
43,5,8,1.0
43,5,9,1.0
43,6,0,1.0488836765901031e-19
43,6,1,1.725557366777204e-20
43,6,2,1.0
43,6,3,1.0
43,6,4,1.3079521529323446e-19
43,6,5,1.0
43,6,7,1.0
43,6,8,0.7979791505577953
43,6,9,1.0
43,7,0,1.0476923904290421e-19
43,7,1,1.725557366777204e-20
43,7,2,1.0
43,7,3,1.0
43,7,4,1.3079521529323446e-19
43,7,5,1.0
43,7,6,1.0
43,7,8,1.0
43,7,9,1.0
43,8,0,1.350129904440409e-18
43,8,1,1.725557366777204e-20
43,8,2,0.7401162210854549
43,8,3,1.0
43,8,4,1.3079521529323446e-19
43,8,5,1.0
43,8,6,1.0
43,8,7,1.0
43,8,9,1.0
43,9,0,1.350129904440409e-18
43,9,1,1.725557366777204e-20
43,9,2,1.0
43,9,3,1.0
43,9,4,1.3079521529323446e-19
43,9,5,1.0
43,9,6,1.0
43,9,7,0.3712959464074015
43,9,8,1.0
44,2,0,1.3501299044404092e-19
44,2,1,1.725557366777204e-21
44,2,3,1.0
44,2,4,1.3079521529323448e-20
44,2,5,1.0
44,2,6,1.0
44,2,7,0.2958742927272662
44,2,8,0.013141862702884533
44,2,9,1.0
44,3,0,1.3501299044404092e-19
44,3,1,1.725557366777204e-21
44,3,2,1.0
44,3,4,1.3079521529323448e-20
44,3,5,1.0
44,3,6,1.0
44,3,7,0.32955325666786744
44,3,8,0.7402668272351036
44,3,9,1.0
44,5,0,9.884804753750559e-21
44,5,1,1.725557366777204e-21
44,5,2,1.0
44,5,3,1.0
44,5,4,1.3079521529323448e-20
44,5,6,1.0
44,5,7,1.0
44,5,8,1.0
44,5,9,1.0
44,6,0,1.0488836765901032e-20
44,6,1,1.725557366777204e-21
44,6,2,1.0
44,6,3,1.0
44,6,4,1.3079521529323448e-20
44,6,5,1.0
44,6,7,1.0
44,6,8,0.8069684964615239
44,6,9,1.0
44,7,0,1.0476923904290421e-20
44,7,1,1.725557366777204e-21
44,7,2,1.0
44,7,3,1.0
44,7,4,1.3079521529323448e-20
44,7,5,1.0
44,7,6,1.0
44,7,8,1.0
44,7,9,1.0
44,8,0,1.3501299044404092e-19
44,8,1,1.725557366777204e-21
44,8,2,0.7503119805748613
44,8,3,1.0
44,8,4,1.3079521529323448e-20
44,8,5,1.0
44,8,6,1.0
44,8,7,1.0
44,8,9,1.0
44,9,0,1.3501299044404092e-19
44,9,1,1.725557366777204e-21
44,9,2,1.0
44,9,3,1.0
44,9,4,1.3079521529323448e-20
44,9,5,1.0
44,9,6,1.0
44,9,7,0.38715411847851483
44,9,8,1.0
45,2,0,1.3501299044404093e-20
45,2,1,1.725557366777204e-22
45,2,3,1.0
45,2,4,1.3079521529323448e-21
45,2,5,1.0
45,2,6,1.0
45,2,7,0.3126567324458856
45,2,8,0.0013141862702884533
45,2,9,1.0
45,3,0,1.3501299044404093e-20
45,3,1,1.725557366777204e-22
45,3,2,1.0
45,3,4,1.3079521529323448e-21
45,3,5,1.0
45,3,6,1.0
45,3,7,0.34592941914058534
45,3,8,0.7504596320064096
45,3,9,1.0
45,5,0,9.88480475375056e-22
45,5,1,1.725557366777204e-22
45,5,2,1.0
45,5,3,1.0
45,5,4,1.3079521529323448e-21
45,5,6,1.0
45,5,7,1.0
45,5,8,1.0
45,5,9,1.0
45,6,0,1.0488836765901034e-21
45,6,1,1.725557366777204e-22
45,6,2,1.0
45,6,3,1.0
45,6,4,1.3079521529323448e-21
45,6,5,1.0
45,6,7,1.0
45,6,8,0.8157555665884428
45,6,9,1.0
45,7,0,1.0476923904290421e-21
45,7,1,1.725557366777204e-22
45,7,2,1.0
45,7,3,1.0
45,7,4,1.3079521529323448e-21
45,7,5,1.0
45,7,6,1.0
45,7,8,1.0
45,7,9,1.0
45,8,0,1.3501299044404093e-20
45,8,1,1.725557366777204e-22
45,8,2,0.7603057390155109
45,8,3,1.0
45,8,4,1.3079521529323448e-21
45,8,5,1.0
45,8,6,1.0
45,8,7,1.0
45,8,9,1.0
45,9,0,1.3501299044404093e-20
45,9,1,1.725557366777204e-22
45,9,2,1.0
45,9,3,1.0
45,9,4,1.3079521529323448e-21
45,9,5,1.0
45,9,6,1.0
45,9,7,0.40281101320922674
45,9,8,1.0
46,2,0,1.3501299044404093e-21
46,2,1,1.7255573667772042e-23
46,2,3,1.0
46,2,4,1.3079521529323449e-22
46,2,5,1.0
46,2,6,1.0
46,2,7,0.32923796602549743
46,2,8,0.00013141862702884533
46,2,9,1.0
46,3,0,1.3501299044404093e-21
46,3,1,1.7255573667772042e-23
46,3,2,1.0
46,3,4,1.3079521529323449e-22
46,3,5,1.0
46,3,6,1.0
46,3,7,0.3621043451788634
46,3,8,0.13215582847098348
46,3,9,1.0
46,5,0,9.88480475375056e-23
46,5,1,1.7255573667772042e-23
46,5,2,1.0
46,5,3,1.0
46,5,4,1.3079521529323449e-22
46,5,6,1.0
46,5,7,1.0
46,5,8,0.7289693693425656
46,5,9,1.0
46,6,0,1.0488836765901034e-22
46,6,1,1.7255573667772042e-23
46,6,2,1.0
46,6,3,1.0
46,6,4,1.3079521529323449e-22
46,6,5,1.0
46,6,7,1.0
46,6,8,0.16103389306101515
46,6,9,1.0
46,7,0,1.0476923904290422e-22
46,7,1,1.7255573667772042e-23
46,7,2,1.0
46,7,3,1.0
46,7,4,1.3079521529323449e-22
46,7,5,1.0
46,7,6,1.0
46,7,8,0.7185321357465414
46,7,9,1.0
46,8,0,1.3501299044404093e-21
46,8,1,1.7255573667772042e-23
46,8,2,0.7700974551262749
46,8,3,1.0
46,8,4,1.3079521529323449e-22
46,8,5,1.0
46,8,6,1.0
46,8,7,1.0
46,8,9,1.0
46,9,0,1.3501299044404093e-21
46,9,1,1.7255573667772042e-23
46,9,2,1.0
46,9,3,1.0
46,9,4,1.3079521529323449e-22
46,9,5,1.0
46,9,6,1.0
46,9,7,0.41826661396482046
46,9,8,1.0
47,2,0,1.3501299044404094e-22
47,2,1,1.7255573667772042e-24
47,2,3,1.0
47,2,4,1.3079521529323449e-23
47,2,5,1.0
47,2,6,1.0
47,2,7,0.3456179786503339
47,2,8,1.3141862702884534e-05
47,2,9,1.0
47,3,0,1.3501299044404094e-22
47,3,1,1.7255573667772042e-24
47,3,2,1.0
47,3,4,1.3079521529323449e-23
47,3,5,1.0
47,3,6,1.0
47,3,7,0.37807801920610135
47,3,8,0.013215582847098348
47,3,9,1.0
47,5,0,9.88480475375056e-24
47,5,1,1.7255573667772042e-24
47,5,2,1.0
47,5,3,1.0
47,5,4,1.3079521529323449e-23
47,5,6,1.0
47,5,7,1.0
47,5,8,0.7393814897924536
47,5,9,1.0
47,6,0,1.0488836765901035e-23
47,6,1,1.7255573667772042e-24
47,6,2,1.0
47,6,3,1.0
47,6,4,1.3079521529323449e-23
47,6,5,1.0
47,6,7,1.0
47,6,8,0.17935291166943396
47,6,9,1.0
47,7,0,1.0476923904290422e-23
47,7,1,1.7255573667772042e-24
47,7,2,1.0
47,7,3,1.0
47,7,4,1.3079521529323449e-23
47,7,5,1.0
47,7,6,1.0
47,7,8,0.7291428447568471
47,7,9,1.0
47,8,0,1.3501299044404094e-22
47,8,1,1.7255573667772042e-24
47,8,2,0.7796870858777424
47,8,3,1.0
47,8,4,1.3079521529323449e-23
47,8,5,1.0
47,8,6,1.0
47,8,7,1.0
47,8,9,1.0
47,9,0,1.3501299044404094e-22
47,9,1,1.7255573667772042e-24
47,9,2,1.0
47,9,3,1.0
47,9,4,1.3079521529323449e-23
47,9,5,1.0
47,9,6,1.0
47,9,7,0.43352090367014834
47,9,8,1.0
48,2,0,1.3501299044404095e-23
48,2,1,1.7255573667772044e-25
48,2,3,1.0
48,2,4,1.307952152932345e-24
48,2,5,1.0
48,2,6,1.0
48,2,7,0.3617967551349716
48,2,8,1.3141862702884535e-06
48,2,9,1.0
48,3,0,1.3501299044404095e-23
48,3,1,1.7255573667772044e-25
48,3,2,1.0
48,3,4,1.307952152932345e-24
48,3,5,1.0
48,3,6,1.0
48,3,7,0.39385042524695507
48,3,8,0.001321558284709835
48,3,9,1.0
48,5,0,9.88480475375056e-25
48,5,1,1.7255573667772044e-25
48,5,2,1.0
48,5,3,1.0
48,5,4,1.307952152932345e-24
48,5,6,1.0
48,5,7,1.0
48,5,8,0.7495916515973917
48,5,9,1.0
48,6,0,1.0488836765901035e-24
48,6,1,1.7255573667772044e-25
48,6,2,1.0
48,6,3,1.0
48,6,4,1.307952152932345e-24
48,6,5,1.0
48,6,7,1.0
48,6,8,0.1974708264316859
48,6,9,1.0
48,7,0,1.0476923904290423e-24
48,7,1,1.7255573667772044e-25
48,7,2,1.0
48,7,3,1.0
48,7,4,1.307952152932345e-24
48,7,5,1.0
48,7,6,1.0
48,7,8,0.7395516324911253
48,7,9,1.0
48,8,0,1.3501299044404095e-23
48,8,1,1.7255573667772044e-25
48,8,2,0.7890745863783497
48,8,3,1.0
48,8,4,1.307952152932345e-24
48,8,5,1.0
48,8,6,1.0
48,8,7,1.0
48,8,9,1.0
48,9,0,1.3501299044404095e-23
48,9,1,1.7255573667772044e-25
48,9,2,1.0
48,9,3,1.0
48,9,4,1.307952152932345e-24
48,9,5,1.0
48,9,6,1.0
48,9,7,0.4485738647918659
48,9,8,1.0
49,2,0,1.3501299044404095e-24
49,2,1,1.7255573667772045e-26
49,2,3,1.0
49,2,4,1.307952152932345e-25
49,2,5,1.0
49,2,6,1.0
49,2,7,0.3777742799102931
49,2,8,1.3141862702884535e-07
49,2,9,1.0
49,3,0,1.3501299044404095e-24
49,3,1,1.7255573667772045e-26
49,3,2,1.0
49,3,4,1.307952152932345e-25
49,3,5,1.0
49,3,6,1.0
49,3,7,0.40942154691179405
49,3,8,0.021308338332684466
49,3,9,1.0
49,5,0,9.884804753750561e-26
49,5,1,1.7255573667772045e-26
49,5,2,1.0
49,5,3,1.0
49,5,4,1.307952152932345e-25
49,5,6,1.0
49,5,7,1.0
49,5,8,0.7595998152331964
49,5,9,1.0
49,6,0,1.0488836765901035e-25
49,6,1,1.7255573667772045e-26
49,6,2,1.0
49,6,3,1.0
49,6,4,1.307952152932345e-25
49,6,5,1.0
49,6,7,1.0
49,6,8,0.21538762495785474
49,6,9,1.0
49,7,0,1.0476923904290425e-25
49,7,1,1.7255573667772045e-26
49,7,2,1.0
49,7,3,1.0
49,7,4,1.307952152932345e-25
49,7,5,1.0
49,7,6,1.0
49,7,8,0.7497584609409206
49,7,9,1.0
49,8,0,1.3501299044404095e-24
49,8,1,1.7255573667772045e-26
49,8,2,0.7982599097503742
49,8,3,1.0
49,8,4,1.307952152932345e-25
49,8,5,1.0
49,8,6,1.0
49,8,7,1.0
49,8,9,1.0
49,9,0,1.3501299044404095e-24
49,9,1,1.7255573667772045e-26
49,9,2,1.0
49,9,3,1.0
49,9,4,1.307952152932345e-25
49,9,5,1.0
49,9,6,1.0
49,9,7,0.463425479319696
49,9,8,1.0
50,2,0,1.3501299044404096e-25
50,2,1,1.7255573667772045e-27
50,2,3,1.0
50,2,4,1.307952152932345e-26
50,2,5,1.0
50,2,6,1.0
50,2,7,0.39355053700872694
50,2,8,1.3141862702884536e-08
50,2,9,1.0
50,3,0,1.3501299044404096e-25
50,3,1,1.7255573667772045e-27
50,3,2,1.0
50,3,4,1.307952152932345e-26
50,3,5,1.0
50,3,6,1.0
50,3,7,0.42479136738033835
50,3,8,0.002130833833268447
50,3,9,1.0
50,5,0,9.884804753750562e-27
50,5,1,1.7255573667772045e-27
50,5,2,1.0
50,5,3,1.0
50,5,4,1.307952152932345e-26
50,5,6,1.0
50,5,7,1.0
50,5,8,0.7694059395392983
50,5,9,1.0
50,6,0,1.0488836765901036e-26
50,6,1,1.7255573667772045e-27
50,6,2,1.0
50,6,3,1.0
50,6,4,1.307952152932345e-26
50,6,5,1.0
50,6,7,1.0
50,6,8,0.021538762495785475
50,6,9,1.0
50,7,0,1.0476923904290426e-26
50,7,1,1.7255573667772045e-27
50,7,2,1.0
50,7,3,1.0
50,7,4,1.307952152932345e-26
50,7,5,1.0
50,7,6,1.0
50,7,8,0.7597632905558431
50,7,9,1.0
50,8,0,1.3501299044404096e-25
50,8,1,1.7255573667772045e-27
50,8,2,0.8072430069946352
50,8,3,1.0
50,8,4,1.307952152932345e-26
50,8,5,1.0
50,8,6,1.0
50,8,7,1.0
50,8,9,1.0
50,9,0,1.3501299044404096e-25
50,9,1,1.7255573667772045e-27
50,9,2,1.0
50,9,3,1.0
50,9,4,1.307952152932345e-26
50,9,5,1.0
50,9,6,1.0
50,9,7,0.4780757287466553
50,9,8,1.0
